[+]  0.01
[*]  Sigmoide
[#]  2, 10, 1
-1.2573854494204795 -1.073367613537239
-0.12878892538600045 -0.15580562223603295
2.0760845330424584 2.507943781233233
-1.398785105736496 2.4989918094056827
-0.46226526986778954 -1.3349933682309367
-1.0211294384811775 1.9593649995296005
-19.846105813049714 21.12585130832773
-0.6855233306298318 -0.6126952117712333
23.628087187130912 -22.384362446773274
-1.216174846518111 -0.9214444191215511
---
0.6208850048757198 2.5616629365559995 26.264700290596558 -2.224682587590094 0.09101116272580025 -1.12127680402762 -18.672110627436393 2.4209559462691894 -19.988571073262218 -0.221782237132059
---
