[+]  0.01
[*]  Null; Sigmoide; LeakyReLU_0.05; 
[#]  2, 16, 1
-0.7259273354800291 -0.6390965408969185
-1.5017182586606774 -0.6278907630065298
-0.9244869068809146 1.8063504995202588
-0.6603141988400698 -1.4148813242832134
2.3280697330342752 -1.2579683952176002
0.3057234270115917 0.5281037809160258
-0.881626611481369 -0.39096405362852554
-0.0045537434696162485 -0.6720042638615463
-0.5973841541329494 -1.0636541939286754
1.2852918319441935 1.2350820703495717
-0.35172301745437223 -0.26972626922311255
-0.7343176555639415 1.7170187391529077
-0.278827551776738 -0.5852253376675304
0.8674070565310269 -0.28376353896599216
0.5440634336674944 0.54073936294834
0.4869155382077058 -0.13634511973060273
---
1.4291307682880459 0.5085558128045904 -1.7829583754725702 0.3438518134627608 -2.6783694528291058 -0.6251693592842762 1.266911583054496 1.0175731079490282 -0.36397327800808327 4.641609894723434 0.3585771992039881 -1.800948864413962 0.38460893078831354 -0.563742527670627 -0.23377241647982136 0.09811526352440321
---
