[+]  0.01
[*]  Null; Sigmoide; Sigmoide; Sigmoide; LeakyReLU_0.05; 
[#]  2, 5, 6, 8, 1
-4.0410750629223875 4.424980033163326
-0.5826570259364651 -0.051356693524451075
7.455023052306126 -7.140482036574999
1.0187736864666928 -1.5551888365079114
0.7287148251411466 0.5125302920011898
---
-1.2740145632646105 0.04981221921481196 -0.8905862329562388 1.0893967470777937 1.1111584689013057
3.3304594111541537 0.19886365601472283 -1.449385925619354 -1.4987801500418978 -0.5892795398614576
-1.0737663130039827 -0.6956859957728884 4.668445275978129 -0.2506925201415462 -1.4282507800572766
-1.1023690178627346 -0.1679152492454663 0.7008415130881595 -0.5948217381269336 0.5884946965905251
2.9355836376268862 0.6647594993036662 -0.4035508217080388 -1.6112076799340391 -1.1020308464211364
-0.3965852031397969 0.44646236377084947 0.874680240979756 -0.6243284165137014 0.6263931257848715
---
0.8761215140222368 1.3342551899703634 0.34618228361956577 -0.338871157260672 1.202181756836059 0.5649747245460853
0.7871332089325292 0.05248347819573645 0.6010117428759236 -0.2879287664581369 0.4993008414768618 -0.5523025602351025
0.10331999497487293 1.662460857963836 1.4962104746207745 -0.5015617607505337 1.4066087550558957 -0.4988759313594164
-0.7189018379967796 0.40425951005151994 0.7771584294099854 0.37499907299707175 1.2210984372521165 1.021614349857711
-1.1232894696920033 0.38154514901208836 2.3411270467403886 -0.406396316440502 1.1022443745210613 -1.0009198003066908
1.6074981994756345 -1.384122902489795 -2.651819300997929 -0.0465267377754048 -1.1551288876141839 -0.17762819321323983
1.503973220593161 -1.3679588577641397 -3.556584203392274 1.5666541502645932 -1.3323783703289434 1.174839179411106
1.7071742642885213 -0.9626260385901512 -5.902080914428785 1.0570657190582695 -1.6752711874232162 -0.13034888491596996
---
-0.04973559423699265 -0.2074694903341051 1.0868502901984656 -0.16657053680649983 1.9825887430597453 -2.8656670256991466 -4.444590285266311 -3.9580131770466696
---
